L	0.0145	2.6276	1477010443050000	0.0000	2.7500	0.0000	1.0000
R	2.9750	1.6110	1.2404	1477010443450000	-0.0282	3.1487	-0.1253	0.9921
L	-0.2587	3.4173	1477010443850000	-0.1062	3.5408	-0.2487	0.9686
R	3.8246	1.6478	1.0166	1477010444250000	-0.2327	3.9200	-0.3681	0.9298
L	-0.1550	4.3229	1477010444650000	-0.4058	4.2803	-0.4818	0.8763
R	4.2990	1.7219	0.8395	1477010445050000	-0.6226	4.6162	-0.5878	0.8090
L	-0.9724	5.1337	1477010445450000	-0.8798	4.9222	-0.6845	0.7290
R	5.1291	1.7903	1.4820	1477010445850000	-1.1734	5.1935	-0.7705	0.6374
L	-1.5121	5.3763	1477010446250000	-1.4986	5.4259	-0.8443	0.5358
R	5.9408	1.8560	0.6621	1477010446650000	-1.8504	5.6157	-0.9048	0.4258
L	-2.2464	5.9824	1477010447050000	-2.2232	5.7600	-0.9511	0.3090
R	6.1895	2.0020	-0.0928	1477010447450000	-2.6111	5.8563	-0.9823	0.1874
L	-2.9274	6.1726	1477010447850000	-3.0081	5.9033	-0.9980	0.0628
R	7.4392	2.0904	0.3844	1477010448250000	-3.4078	5.9002	-0.9980	-0.0628
L	-3.7396	5.8232	1477010448650000	-3.8040	5.8470	-0.9823	-0.1874
R	7.1738	2.2085	0.3538	1477010449050000	-4.1904	5.7445	-0.9511	-0.3090
L	-4.6256	5.4893	1477010449450000	-4.5609	5.5945	-0.9048	-0.4258
R	7.4621	2.3336	-0.2294	1477010449850000	-4.9097	5.3991	-0.8443	-0.5358
L	-5.3501	5.1032	1477010450250000	-5.2312	5.1616	-0.7705	-0.6374
R	7.1476	2.4111	0.0122	1477010450650000	-5.5205	4.8857	-0.6846	-0.7290
L	-5.8885	4.7308	1477010451050000	-5.7729	4.5757	-0.5878	-0.8090
R	7.5648	2.5029	-0.0273	1477010451450000	-5.9844	4.2365	-0.4818	-0.8763
L	-6.0727	3.8714	1477010451850000	-6.1517	3.8735	-0.3681	-0.9298
R	7.0173	2.6430	0.0043	1477010452250000	-6.2723	3.4924	-0.2487	-0.9686
L	-6.2296	3.0909	1477010452650000	-6.3441	3.0991	-0.1253	-0.9921
R	7.4126	2.7380	-0.5091	1477010453050000	-6.3661	2.7000	0.0000	-1.0000
L	-6.3803	2.4878	1477010453450000	-6.3378	2.3013	0.1253	-0.9921
R	6.1068	2.8240	-0.1847	1477010453850000	-6.2599	1.9092	0.2487	-0.9686
L	-5.9350	1.4701	1477010454250000	-6.1333	1.5300	0.3681	-0.9298
R	6.7127	2.9460	-0.2554	1477010454650000	-5.9603	1.1697	0.4817	-0.8763
L	-5.6031	0.8280	1477010455050000	-5.7435	0.8338	0.5878	-0.8090
R	5.7554	3.1016	-0.3402	1477010455450000	-5.4863	0.5278	0.6845	-0.7290
L	-5.0774	0.1739	1477010455850000	-5.1927	0.2565	0.7705	-0.6374
R	4.9251	3.1920	-0.7289	1477010456250000	-4.8675	0.0241	0.8443	-0.5358
L	-4.4231	-0.1710	1477010456650000	-4.5157	-0.1657	0.9048	-0.4258
R	4.4760	-3.0923	-0.8073	1477010457050000	-4.1429	-0.3100	0.9510	-0.3090
L	-3.8713	0.1689	1477010457450000	-3.7549	-0.4063	0.9823	-0.1874
R	3.3415	-3.0056	-1.0316	1477010457850000	-3.3580	-0.4533	0.9980	-0.0628
L	-2.9685	-0.6188	1477010458250000	-2.9582	-0.4502	0.9980	0.0628
R	2.8185	-2.9883	-1.0329	1477010458650000	-2.5620	-0.3970	0.9823	0.1874
L	-2.1039	-0.2400	1477010459050000	-2.1757	-0.2945	0.9511	0.3090
R	1.5969	-3.0547	-1.4448	1477010459450000	-1.8052	-0.1445	0.9048	0.4258
L	-1.4999	0.1375	1477010459850000	-1.4564	0.0509	0.8443	0.5358
R	1.0807	2.8929	-0.6057	1477010460250000	-1.1348	0.2884	0.7705	0.6374
L	-0.8285	0.6098	1477010460650000	-0.8456	0.5643	0.6846	0.7289
R	1.0716	2.1775	0.6397	1477010461050000	-0.5932	0.8743	0.5878	0.8090
L	-0.3854	1.1230	1477010461450000	-0.3817	1.2135	0.4818	0.8763
R	1.9532	1.7054	0.4624	1477010461850000	-0.2143	1.5765	0.3682	0.9298
L	-0.0196	1.7362	1477010462250000	-0.0938	1.9576	0.2487	0.9686
R	2.6810	1.5616	1.1623	1477010462650000	-0.0220	2.3509	0.1254	0.9921
L	-0.0162	2.7861	1477010463050000	0.0000	2.7500	0.0000	1.0000
R	2.9556	1.5255	1.2218	1477010463450000	0.0157	3.1494	0.0941	0.9956
L	0.1392	3.6764	1477010463850000	0.0813	3.5437	0.2182	0.9759
R	3.5420	1.5437	0.9510	1477010464250000	0.1959	3.9267	0.3388	0.9409
L	0.3982	4.1805	1477010464650000	0.3575	4.2923	0.4540	0.8910
R	4.6417	1.4667	0.4201	1477010465050000	0.5637	4.6348	0.5621	0.8271
L	0.8535	4.9708	1477010465450000	0.8112	4.9487	0.6613	0.7501
R	5.9193	1.3742	0.5288	1477010465850000	1.0960	5.2292	0.7501	0.6613
L	1.4391	5.5181	1477010466250000	1.4138	5.4717	0.8271	0.5621
R	6.3662	1.2900	0.8096	1477010466650000	1.7595	5.6724	0.8910	0.4540
L	2.1405	5.7854	1477010467050000	2.1276	5.8283	0.9409	0.3387
R	7.1054	1.1516	0.2907	1477010467450000	2.5123	5.9368	0.9759	0.2181
L	3.0448	5.7846	1477010467850000	2.9076	5.9962	0.9956	0.0941
R	6.7235	1.0850	0.1447	1477010468250000	3.3072	6.0057	0.9995	-0.0314
L	3.8576	6.0819	1477010468650000	3.7049	5.9649	0.9877	-0.1565
R	7.0351	0.9685	-0.3251	1477010469050000	4.0943	5.8747	0.9603	-0.2790
L	4.4890	6.0918	1477010469450000	4.4693	5.7363	0.9177	-0.3972
R	7.4486	0.8957	0.0768	1477010469850000	4.8241	5.5520	0.8607	-0.5091
L	5.3523	5.3844	1477010470250000	5.1529	5.3248	0.7901	-0.6129
R	7.4250	0.7746	0.4037	1477010470650000	5.4507	5.0581	0.7071	-0.7071
L	5.5796	4.6742	1477010471050000	5.7127	4.7561	0.6129	-0.7902
R	7.1893	0.6013	0.1922	1477010471450000	5.9347	4.4238	0.5090	-0.8608
L	6.0935	4.2392	1477010471850000	6.1134	4.0662	0.3971	-0.9178
R	6.9157	0.5261	-0.4947	1477010472250000	6.2459	3.6890	0.2790	-0.9603
L	6.1014	3.1987	1477010472650000	6.3300	3.2982	0.1564	-0.9877
R	6.4787	0.4281	-0.2360	1477010473050000	6.3645	2.9000	0.0314	-0.9995
L	6.1940	2.3675	1477010473450000	6.3488	2.5005	-0.0941	-0.9956
R	7.1110	0.3405	-0.6439	1477010473850000	6.2832	2.1062	-0.2182	-0.9759
L	5.9069	1.9041	1477010474250000	6.1686	1.7232	-0.3388	-0.9409
R	6.3146	0.1887	-0.3849	1477010474650000	6.0070	1.3576	-0.4540	-0.8910
L	5.7366	0.8574	1477010475050000	5.8008	1.0152	-0.5621	-0.8271
R	5.8449	0.1304	-0.6870	1477010475450000	5.5533	0.7013	-0.6613	-0.7501
L	5.1077	0.4759	1477010475850000	5.2685	0.4208	-0.7501	-0.6613
R	5.2862	0.0357	-1.5113	1477010476250000	4.9507	0.1783	-0.8271	-0.5621
L	4.6974	-0.1173	1477010476650000	4.6050	-0.0225	-0.8910	-0.4540
R	5.1943	-0.0430	-1.0657	1477010477050000	4.2369	-0.1783	-0.9409	-0.3387
L	3.8899	0.0913	1477010477450000	3.8522	-0.2868	-0.9759	-0.2181
R	3.1870	-0.1132	-0.9266	1477010477850000	3.4569	-0.3463	-0.9956	-0.0941
L	2.9500	-0.2840	1477010478250000	3.0573	-0.3557	-0.9995	0.0314
R	2.5385	-0.1378	-1.0889	1477010478650000	2.6596	-0.3149	-0.9877	0.1564
L	2.0317	-0.3627	1477010479050000	2.2702	-0.2247	-0.9603	0.2790
R	2.3695	-0.0210	-0.7374	1477010479450000	1.8952	-0.0863	-0.9178	0.3971
L	1.6826	0.3130	1477010479850000	1.5404	0.0979	-0.8607	0.5090
R	1.5176	0.2765	-0.3125	1477010480250000	1.2116	0.3252	-0.7902	0.6129
L	1.1244	0.6854	1477010480650000	0.9138	0.5919	-0.7071	0.7071
R	1.2993	0.9432	-0.1330	1477010481050000	0.6518	0.8938	-0.6129	0.7902
L	0.6963	1.2772	1477010481450000	0.4297	1.2262	-0.5090	0.8607
R	1.4084	1.4604	0.9115	1477010481850000	0.2511	1.5838	-0.3971	0.9178
L	-0.0072	2.0049	1477010482250000	0.1186	1.9610	-0.2790	0.9603
R	1.8439	1.5490	1.6733	1477010482650000	0.0345	2.3517	-0.1564	0.9877
L	0.1341	2.5629	1477010483050000	0.0000	2.7500	-0.0314	0.9995
